45,2022-07-05T08:14,47,3,8202250,000,-63.50001389,44.88001667,weather,2022,7,10,8,16.9,8.5,57,31,18,99.87,2
1,2022-07-10T01:00,3,3,8202250,000,-63.50001389,44.88001667,weather,2022,7,10,1,13.7,7.9,68,29,13,99.77,0
24,2022-07-10T02:00,26,3,8232250,000,-63.50001389,44.88001667,weather,2022,7,10,1,13.7,7.9,68,29,13,99.77,1
64,2022-07-10T02:00,66,3,8202250,000,63.50001389,44.88001667,weather,2022,7,10,1,13.7,7.9,68,29,13,99.77,4
74,2022-07-10T02:00,76,3,8202250,000,-63.50001389,44.88001667,weather,2022,7,10,1,16.3,7.9,68,29,13,99.77,5
2,2022-07-10T02:00,4,3,8202250,000,-63.50001389,44.88001667,weather,2022,7,10,2,13.1,7.8,70,28,10,99.76,0
25,2022-07-10T03:00,27,3,8243250,000,-63.50001389,44.88001667,weather,2022,7,10,2,13.1,7.8,70,28,10,99.76,1
65,2022-07-10T03:00,67,3,8202250,000,-63.50001388,44.88001667,weather,2022,7,10,2,13.1,7.8,70,28,10,99.76,4
75,2022-07-10T03:00,77,3,8202250,000,-63.50001389,44.88001667,weather,2022,7,10,2,16.1,7.8,70,28,10,99.76,5
3,2022-07-10T03:00,5,3,8202250,000,-63.50001389,44.88001667,weather,2022,7,10,3,12.5,7.6,72,29,10,99.76,0
26,2022-07-10T04:00,28,3,820220050,000,-63.50001389,44.88001667,weather,2022,7,10,3,12.5,7.6,72,29,10,99.76,1
66,2022-07-10T04:00,68,3,8202250,000,-63.50222889,44.88001667,weather,2022,7,10,3,12.5,7.6,72,29,10,99.76,4
76,2022-07-10T04:00,78,3,8202250,000,-63.50001389,44.88001667,weather,2022,7,10,3,14.8,7.6,72,29,10,99.76,5
4,2022-07-10T04:00,6,3,8202250,000,-63.50001389,44.88001667,weather,2022,7,10,4,12.3,7.2,71,28,11,99.77,0
27,2022-07-10T05:00,29,3,11111,000,-63.50001389,44.88001667,weather,2022,7,10,4,12.3,7.2,71,28,11,99.77,1
67,2022-07-10T05:00,69,3,8202250,000,-33.50001389,24.88001667,weather,2022,7,10,4,12.3,7.2,71,28,11,99.77,4
77,2022-07-10T05:00,79,3,8202250,000,-63.50001389,44.88001667,weather,2022,7,10,4,14.1,7.2,71,28,11,99.77,5
5,2022-07-10T05:00,7,3,8202251,000,-63.50001389,44.88001667,weather,2022,7,10,5,12.1,7,71,28,10,99.81,1
5,2022-07-10T05:00,7,3,8202252,000,-63.50001389,44.88001667,weather,2022,7,10,5,12.1,7,71,28,10,99.81,1
5,2022-07-10T05:02,7,3,8202253,000,-63.50001389,44.88001667,weather,2022,7,10,5,12.1,7,71,28,10,99.81,1
5,2022-07-10T05:02,7,3,8202254,000,-63.50001389,44.88001667,weather,2022,7,10,5,12.1,7,71,28,10,99.81,1
5,2022-07-10T05:03,7,3,8202255,000,-63.50001389,44.88001667,weather,2022,7,10,5,12.1,7,71,28,10,99.81,1
5,2022-07-10T05:03,7,3,8202256,000,-63.50001389,44.88001667,weather,2022,7,10,5,12.1,7,71,28,10,99.81,1
5,2022-07-10T05:04,7,3,8202257,000,-63.50001389,44.88001667,weather,2022,7,10,5,12.1,7,71,28,10,99.81,1
5,2022-07-10T05:04,7,3,8202258,000,-63.50001389,44.88001667,weather,2022,7,10,5,12.1,7,71,28,10,99.81,1
5,2022-07-10T05:05,7,3,8202259,000,-63.50001389,44.88001667,weather,2022,7,10,5,12.1,7,71,28,10,99.81,1
5,2022-07-10T05:05,7,3,8202252,000,-63.50001389,44.88001667,weather,2022,7,10,5,12.1,7,71,28,10,99.81,1
5,2022-07-10T05:05,7,3,8202230,000,-63.50001389,44.88001667,weather,2022,7,10,5,12.1,7,71,28,10,99.81,1
5,2022-07-10T05:07,7,3,820223450,000,-63.50001389,44.88001667,weather,2022,7,10,5,12.1,7,71,28,10,99.81,1
5,2022-07-10T05:07,7,3,820225330,000,-63.50001389,44.88001667,weather,2022,7,10,5,12.1,7,71,28,10,99.81,1
28,2022-07-10T06:00,30,3,323213,000,-63.50001389,44.88001667,weather,2022,7,10,5,12.1,7,71,28,10,99.81,1
68,2022-07-10T06:00,70,3,8202250,000,-62.5888,-44.88032367,weather,2022,7,10,5,12.1,7,71,28,10,99.81,4
78,2022-07-10T06:00,80,3,8202250,000,-63.50001389,44.88001667,weather,2022,7,10,5,11.8,7,71,28,10,99.81,5
6,2022-07-10T06:00,8,3,8202250,000,-63.50001389,44.88001667,weather,2022,7,10,6,13.6,7.7,67,30,12,99.84,0
29,2022-07-10T07:00,31,3,323214,000,-63.50001389,44.88001667,weather,2022,7,10,6,13.6,7.7,67,30,12,99.84,1
69,2022-07-10T07:00,71,3,8202250,000,63.50001389,14.88326667,weather,2022,7,10,6,13.6,7.7,67,30,12,99.84,4
79,2022-07-10T07:00,81,3,8202250,000,-63.50001389,44.88001667,weather,2022,7,10,6,12.5,7.7,67,30,12,99.84,5
7,2022-07-10T07:00,9,3,8202250,000,-63.50001389,44.88001667,weather,2022,7,10,7,15.2,8.7,65,29,11,99.86,0
30,2022-07-10T08:00,32,3,323215,000,-63.50001389,44.88001667,weather,2022,7,10,7,15.2,8.7,65,29,11,99.86,1
80,2022-07-10T08:00,82,3,8202250,000,-63.50001389,44.88001667,weather,2022,7,10,7,16.1,8.7,65,29,11,99.86,5
44,2022-07-10T08:23,46,3,8202250,000,-63.50001389,44.88001667,weather,2022,7,10,7,15.2,8.7,65,29,11,99.86,2
8,2022-07-10T08:00,10,3,8202250,000,-63.50001389,44.88001667,weather,2022,7,10,8,16.9,8.5,57,31,18,99.87,0
31,2022-07-10T09:00,33,3,323216,000,-63.50001389,44.88001667,weather,2022,7,10,8,16.9,8.5,57,31,18,99.87,1
54,2022-07-10T09:00,56,3,8202250,010,-63.50001389,44.88001667,weather,2022,7,10,8,16.9,8.5,57,31,18,99.87,3
81,2022-07-10T09:00,83,3,8202250,000,-63.50001389,44.88001667,weather,2022,7,10,8,17.5,8.5,57,31,18,99.87,5
9,2022-07-10T09:00,11,3,8202250,000,-63.50001389,44.88001667,weather,2022,7,10,9,18.3,7.8,50,32,8,99.85,0
32,2022-07-10T10:00,34,3,82032450,000,-63.50001389,44.88001667,weather,2022,7,10,9,18.3,7.8,50,32,8,99.85,1
55,2022-07-10T10:00,57,3,8202250,011,-63.50001389,44.88001667,weather,2022,7,10,9,18.3,7.8,50,32,8,99.85,3
82,2022-07-10T10:00,84,3,8202250,000,-63.50001389,44.88001667,weather,2022,7,10,9,18.9,7.8,50,32,8,99.85,5
46,2022-07-10T09:11,48,3,8202250,000,-63.50001389,44.88001667,weather,2022,7,10,9,18.3,7.8,50,32,8,99.85,2
10,2022-07-10T10:00,12,3,8202250,000,-63.50001389,44.88001667,weather,2022,7,10,10,19.6,6.3,42,30,14,99.84,0
33,2022-07-10T11:00,35,3,82032451,000,-63.50001389,44.88001667,weather,2022,7,10,10,19.6,6.3,42,30,14,99.84,1
56,2022-07-10T11:00,58,3,8202250,101,-63.50001389,44.88001667,weather,2022,7,10,10,19.6,6.3,42,30,14,99.84,3
83,2022-07-10T11:00,85,3,8202250,000,-63.50001389,44.88001667,weather,2022,7,10,10,19.8,6.3,42,30,14,99.84,5
47,2022-07-10T10:23,49,3,8202250,000,-63.50001389,44.88001667,weather,2022,7,10,10,19.6,6.3,42,30,14,99.84,2
11,2022-07-10T11:00,13,3,8202250,000,-63.50001389,44.88001667,weather,2022,7,10,11,20.6,4.9,35,31,20,99.82,0
34,2022-07-10T12:00,36,3,82032452,000,-63.50001389,44.88001667,weather,2022,7,10,11,20.6,4.9,35,31,20,99.82,1
57,2022-07-10T12:00,59,3,8202250,111,-63.50001389,44.88001667,weather,2022,7,10,11,20.6,4.9,35,31,20,99.82,3
12,2022-07-10T12:00,14,3,8202250,000,-63.50001389,44.88001667,weather,2022,7,10,12,20.8,6,38,29,5,99.79,0
35,2022-07-10T13:00,37,3,82032453,000,-63.50001389,44.88001667,weather,2022,7,10,12,20.8,6,38,29,5,99.79,1
58,2022-07-10T13:00,60,3,8202250,100,-63.50001389,44.88001667,weather,2022,7,10,12,20.8,6,38,29,5,99.79,3
13,2022-07-10T13:00,15,3,8202250,000,-63.50001389,44.88001667,weather,2022,7,10,13,21.6,7,39,31,8,99.75,0
36,2022-07-10T14:00,38,3,82032454,000,-63.50001389,44.88001667,weather,2022,7,10,13,21.6,7,39,31,8,99.75,1
59,2022-07-10T14:00,61,3,8202250,011,-63.50001389,44.88001667,weather,2022,7,10,13,21.6,7,39,31,8,99.75,3
50,2022-07-10T13:43,52,3,8202250,000,-63.50001389,44.88001667,weather,2022,7,10,13,21.6,7,39,31,8,99.75,2
14,2022-07-10T14:00,16,3,8202250,000,-63.50001389,44.88001667,weather,2022,7,10,14,21.7,6.4,37,32,14,99.72,0
37,2022-07-10T15:00,39,3,4202250,000,-63.50001389,44.88001667,weather,2022,7,10,14,21.7,6.4,37,32,14,99.72,1
60,2022-07-10T15:00,62,3,8202250,101,-63.50001389,44.88001667,weather,2022,7,10,14,21.7,6.4,37,32,14,99.72,3
51,2022-07-10T14:28,53,3,8202250,000,-63.50001389,44.88001667,weather,2022,7,10,14,21.7,6.4,37,32,14,99.72,2
15,2022-07-10T15:00,17,3,8202250,000,-63.50001389,44.88001667,weather,2022,7,10,15,22.1,7.5,38,29,14,99.68,0
38,2022-07-10T16:00,40,3,4202251,000,-63.50001389,44.88001667,weather,2022,7,10,15,22.1,7.5,38,29,14,99.68,1
61,2022-07-10T16:00,63,3,8202250,001,-63.50001389,44.88001667,weather,2022,7,10,15,22.1,7.5,38,29,14,99.68,3
52,2022-07-10T15:59,54,3,8202250,000,-63.50001389,44.88001667,weather,2022,7,10,15,22.1,7.5,38,29,14,99.68,2
16,2022-07-10T16:00,18,3,8202250,000,-63.50001389,44.88001667,weather,2022,7,10,16,22.1,7.5,38,29,22,99.66,0
39,2022-07-10T17:00,41,3,4202252,000,-63.50001389,44.88001667,weather,2022,7,10,16,22.1,7.5,38,29,22,99.66,1
62,2022-07-10T17:00,64,3,8202250,101,-63.50001389,44.88001667,weather,2022,7,10,16,22.1,7.5,38,29,22,99.66,3
70,2022-07-10T17:00,72,3,8202250,000,-61.50001389,43.88321663,weather,2022,7,10,16,22.1,7.5,38,29,22,99.66,4
17,2022-07-10T17:00,19,3,8202250,000,-63.50001389,44.88001667,weather,2022,7,10,17,22.1,7.4,38,30,18,99.66,0
40,2022-07-10T18:00,42,3,4202253,000,-63.50001389,44.88001667,weather,2022,7,10,17,22.1,7.4,38,30,18,99.66,1
63,2022-07-10T18:00,65,3,8202250,110,-63.50001389,44.88001667,weather,2022,7,10,17,22.1,7.4,38,30,18,99.66,3
71,2022-07-10T18:00,73,3,8202250,000,-63.50001389,14.88001667,weather,2022,7,10,17,22.1,7.4,38,30,18,99.66,4
18,2022-07-10T18:00,20,3,8202250,000,-63.50001389,44.88001667,weather,2022,7,10,18,21.6,6.6,37,33,14,99.66,0
41,2022-07-10T19:00,43,3,4202254,000,-63.50001389,44.88001667,weather,2022,7,10,18,21.6,6.6,37,33,14,99.66,1
72,2022-07-10T19:00,74,3,8202250,000,-63.50001389,24.11111667,weather,2022,7,10,18,21.6,6.6,37,33,14,99.66,4
43,2022-07-10T19:00,45,3,89932132,000,-63.50001389,44.88001667,weather,2022,7,10,20,18.4,8.6,52,27,7,99.76,1
19,2022-07-10T19:00,21,3,8202250,000,-63.50001389,44.88001667,weather,2022,7,10,19,20.3,7.5,43,31,13,99.71,0
42,2022-07-10T20:00,44,3,89932131,000,-63.50001389,44.88001667,weather,2022,7,10,19,20.3,7.5,43,31,13,99.71,1
73,2022-07-10T20:00,75,3,8202250,000,-63.50001389,44.8323232,weather,2022,7,10,19,20.3,7.5,43,31,13,99.71,4
20,2022-07-10T20:00,22,3,8202250,000,-63.50001389,44.88001667,weather,2022,7,10,20,18.4,8.6,52,27,7,99.76,0
21,2022-07-10T21:00,23,3,8202250,000,-63.50001389,44.88001667,weather,2022,7,10,21,17.5,8.3,54,28,7,99.77,0
22,2022-07-10T22:00,24,3,8202250,000,-63.50001389,44.88001667,weather,2022,7,10,22,14.7,9.9,73,22,7,99.79,0
23,2022-07-10T23:00,25,3,8202250,000,-63.50001389,44.88001667,weather,2022,7,10,23,14.6,9.5,71,23,5,99.75,0
53,2022-07-11T16:01,55,3,8202250,000,-63.50001389,44.88001667,weather,2022,7,10,16,22.1,7.5,38,29,22,99.66,2
49,2022-07-12T12:52,51,3,8202250,000,-63.50001389,44.88001667,weather,2022,7,10,12,20.8,6,38,29,5,99.79,2
48,2022-07-19T11:45,50,3,8202250,000,-63.50001389,44.88001667,weather,2022,7,10,11,20.6,4.9,35,31,20,99.82,2
